# Middle‑group energy (MeV)
1.505000e-03
4.000000e-03
5.950000e-03
8.450000e-03
1.250000e-02
1.750000e-02
2.250000e-02
2.750000e-02
3.250000e-02
3.850000e-02
4.600000e-02
5.400000e-02
6.250000e-02
7.200000e-02
7.850000e-02
8.750000e-02
9.750050e-02
1.075005e-01
1.245000e-01
1.370000e-01
1.500000e-01
1.700000e-01
1.845000e-01
2.045000e-01
2.340000e-01
2.640000e-01
2.900000e-01
3.072500e-01
3.172500e-01
3.350000e-01
3.705000e-01
3.955000e-01
4.165000e-01
4.590000e-01
4.925000e-01
5.200000e-01
5.825000e-01
6.650000e-01
7.425000e-01
7.850000e-01
8.200000e-01
8.550000e-01
8.850000e-01
9.200000e-01
9.400000e-01
9.610000e-01
9.790000e-01
9.910000e-01
1.008000e+00
1.027500e+00
1.040000e+00
1.058000e+00
1.084000e+00
1.103500e+00
1.117675e+00
1.137675e+00
1.160000e+00
1.202500e+00
1.267500e+00
1.318750e+00
1.353750e+00
1.407490e+00
1.459990e+00
1.487500e+00
1.545000e+00
1.630000e+00
1.712500e+00
1.797500e+00
1.885000e+00
1.975000e+00
2.060000e+00
2.115000e+00
2.245000e+00
2.455000e+00
2.575000e+00
2.660000e+00
2.743960e+00
3.033960e+00
3.340375e+00
3.690375e+00
4.064625e+00
4.586365e+00
5.194955e+00
5.753275e+00
6.842050e+00
7.919635e+00
8.752550e+00
9.547680e+00
1.056503e+01
1.246705e+01
1.481895e+01
1.769155e+01
2.102905e+01
2.379190e+01
2.629410e+01
2.905950e+01
3.211570e+01
3.549330e+01
3.871775e+01
4.284320e+01
4.688450e+01
4.991480e+01
5.358655e+01
6.174960e+01
7.178885e+01
8.366725e+01
1.142014e+02
1.426835e+02
1.763100e+02
2.541600e+02
3.380140e+02
4.128510e+02
5.656430e+02
7.129025e+02
8.313800e+02
9.623160e+02
1.122245e+03
1.333960e+03
1.470575e+03
1.771005e+03
2.141675e+03
2.801650e+03
3.440625e+03
4.265565e+03
5.267675e+03
6.498350e+03
8.292340e+03
1.012831e+04
1.308610e+04
1.582500e+04
2.070155e+04
2.609095e+04
2.833870e+04
3.313080e+04
3.892315e+04
4.801665e+04
6.127255e+04
7.483850e+04
9.669375e+04
1.169315e+05
1.529645e+05
2.151955e+05
2.602360e+05
2.876055e+05
3.547980e+05
4.290570e+05
4.741815e+05
5.240515e+05
5.791665e+05
7.144755e+05
8.640150e+05
9.548850e+05
1.055310e+06
1.166295e+06
1.288955e+06
1.503170e+06
1.835980e+06
2.125135e+06
2.348635e+06
2.738955e+06
3.345365e+06
4.086040e+06
4.990705e+06
5.776715e+06
6.384255e+06
7.445255e+06
9.093655e+06
1.080915e+07
1.272930e+07
1.437925e+07
1.612535e+07
1.848640e+07
