2.368744313852403152e-03
9.796494253398494671e-04
8.245843318054396826e-05
2.559846415793789760e-03
2.913165598003393986e-04
7.939810286985510279e-03
9.533931733850909774e-04
2.415982488662462603e-03
1.482222095492993991e-04
2.915388868614247890e-07
1.183547778639341150e-08
1.365328732967184482e-06
1.672245506774859558e-06
4.738623855589801685e-08
4.413685085063032787e-08
1.174482614810383365e-07
2.765266899365581246e-08
8.653969162353282799e-03
6.885046335265076619e-06
1.173911612890697157e-06
