# Lower‑group edge (MeV)
1.000010e-05
3.000000e-03
5.000000e-03
6.900000e-03
1.000000e-02
1.500000e-02
2.000000e-02
2.500000e-02
3.000000e-02
3.500000e-02
4.200000e-02
5.000000e-02
5.800000e-02
6.700000e-02
7.700000e-02
8.000000e-02
9.500000e-02
1.000010e-01
1.150000e-01
1.340000e-01
1.400000e-01
1.600000e-01
1.800000e-01
1.890000e-01
2.200000e-01
2.480000e-01
2.800000e-01
3.000000e-01
3.145000e-01
3.200000e-01
3.500000e-01
3.910000e-01
4.000000e-01
4.330000e-01
4.850000e-01
5.000000e-01
5.400000e-01
6.250000e-01
7.050000e-01
7.800000e-01
7.900000e-01
8.500000e-01
8.600000e-01
9.100000e-01
9.300000e-01
9.500000e-01
9.720000e-01
9.860000e-01
9.960000e-01
1.020000e+00
1.035000e+00
1.045000e+00
1.071000e+00
1.097000e+00
1.110000e+00
1.125350e+00
1.150000e+00
1.170000e+00
1.235000e+00
1.300000e+00
1.337500e+00
1.370000e+00
1.444980e+00
1.475000e+00
1.500000e+00
1.590000e+00
1.670000e+00
1.755000e+00
1.840000e+00
1.930000e+00
2.020000e+00
2.100000e+00
2.130000e+00
2.360000e+00
2.550000e+00
2.600000e+00
2.720000e+00
2.767920e+00
3.300000e+00
3.380750e+00
4.000000e+00
4.129250e+00
5.043480e+00
5.346430e+00
6.160120e+00
7.523980e+00
8.315290e+00
9.189810e+00
9.905550e+00
1.122450e+01
1.370960e+01
1.592830e+01
1.945480e+01
2.260330e+01
2.498050e+01
2.760770e+01
3.051130e+01
3.372010e+01
3.726650e+01
4.016900e+01
4.551740e+01
4.825160e+01
5.157800e+01
5.559510e+01
6.790410e+01
7.567360e+01
9.166090e+01
1.367420e+02
1.486250e+02
2.039950e+02
3.043250e+02
3.717030e+02
4.539990e+02
6.772870e+02
7.485180e+02
9.142420e+02
1.010390e+03
1.234100e+03
1.433820e+03
1.507330e+03
2.034680e+03
2.248670e+03
3.354630e+03
3.526620e+03
5.004510e+03
5.530840e+03
7.465860e+03
9.118820e+03
1.113780e+04
1.503440e+04
1.661560e+04
2.478750e+04
2.739440e+04
2.928300e+04
3.697860e+04
4.086770e+04
5.516560e+04
6.737950e+04
8.229750e+04
1.110900e+05
1.227730e+05
1.831560e+05
2.472350e+05
2.732370e+05
3.019740e+05
4.076220e+05
4.504920e+05
4.978710e+05
5.502320e+05
6.081010e+05
8.208500e+05
9.071800e+05
1.002590e+06
1.108030e+06
1.224560e+06
1.353350e+06
1.652990e+06
2.018970e+06
2.231300e+06
2.465970e+06
3.011940e+06
3.678790e+06
4.493290e+06
5.488120e+06
6.065310e+06
6.703200e+06
8.187310e+06
1.000000e+07
1.161830e+07
1.384030e+07
1.491820e+07
1.733250e+07
